      0/99     6.49G   0.09937    0.0683   0.03864    0.2063        25       640    0.5228    0.0733  0.007898 1.717e-05  0.001247   0.08795    0.0635   0.03134
      1/99     6.61G   0.08717   0.05741   0.02709    0.1717         5       640     0.617    0.2316   0.09157  0.001139   0.01944   0.07748   0.05432   0.02398
      2/99     6.61G   0.08254   0.05497   0.02223    0.1597        14       640    0.3193    0.2378   0.07963 0.0006419   0.01564   0.07915   0.04985   0.01772
      3/99     6.61G   0.07484   0.05202   0.01597    0.1428         5       640    0.5047    0.4266    0.2671  0.008903   0.06396   0.06653   0.04825   0.01124
      4/99     6.61G   0.06519   0.04882    0.0117    0.1257         3       640    0.5947    0.5168     0.344   0.03587   0.09587   0.06032   0.04564  0.006897
      5/99     6.61G   0.06039   0.04664  0.009444    0.1165        11       640    0.6565    0.5253    0.5169   0.08896     0.183   0.05351    0.0425  0.005527
      6/99     6.61G   0.05405   0.04471  0.007756    0.1065         4       640    0.7644     0.506    0.5224   0.04478    0.1625   0.05022   0.03983  0.004939
      7/99     6.61G   0.05136   0.04337  0.007085    0.1018         8       640    0.7717    0.5789    0.5741    0.1757    0.2401   0.04518   0.03873  0.004352
      8/99     6.61G   0.04884   0.04199  0.006695   0.09753        10       640    0.8343    0.5484    0.6016    0.2139    0.2715   0.04258   0.03718  0.003976
      9/99     6.61G   0.04655   0.03977  0.005817   0.09214         5       640    0.8265    0.5803    0.6838    0.2973    0.3277   0.03987   0.03641  0.004006
     10/99     6.61G   0.04489   0.03884  0.005167    0.0889         7       640     0.847    0.5993    0.7272     0.391    0.3752   0.03816   0.03724  0.003866
     11/99     6.61G   0.04279   0.03792  0.005653   0.08637        11       640    0.8614    0.6401    0.7059    0.3881    0.3841    0.0349   0.03326  0.003346
     12/99     6.61G   0.04158   0.03806  0.004831   0.08447        13       640    0.8802    0.6025     0.758    0.3647    0.3937   0.03564   0.03316  0.003255
     13/99     6.61G   0.04114   0.03666  0.004542   0.08234        12       640    0.8658    0.6261    0.7434    0.3991    0.3956   0.03567   0.03273   0.00322
     14/99     6.61G   0.04026   0.03713  0.004493   0.08188        12       640    0.5705    0.7883    0.7733    0.4685    0.4391   0.03232   0.03155  0.003054
     15/99     6.61G   0.03958   0.03524  0.004491   0.07932         7       640    0.7724    0.8728    0.8841    0.5046    0.4918   0.03302   0.03142  0.002894
     16/99     6.61G   0.03837   0.03578  0.004091   0.07824        13       640    0.7856    0.8733     0.876    0.5545       0.5   0.03294   0.03126  0.002551
     17/99     6.61G   0.03782    0.0343  0.003833   0.07595        10       640    0.9004    0.7885    0.8769    0.5262    0.4995    0.0329    0.0304  0.002405
     18/99     6.61G   0.03758   0.03486  0.003828   0.07627         5       640    0.8612    0.8253    0.8949     0.415    0.4614   0.03134   0.03046  0.002317
     19/99     6.61G    0.0374   0.03436  0.003216   0.07497        19       640    0.9251    0.8633     0.941    0.6625    0.5687   0.03028   0.02984  0.002109
     20/99     6.61G   0.03591   0.03341  0.003072   0.07239         7       640    0.9232    0.8059    0.9163    0.5673    0.5414   0.02942    0.0303  0.002175
     21/99     6.61G   0.03504   0.03285  0.002984   0.07087        10       640    0.8495    0.8957    0.9311    0.5755    0.5531     0.029   0.02924   0.00188
     22/99     6.61G   0.03531   0.03155  0.003166   0.07003         5       640    0.8778    0.9141    0.9389    0.5753    0.5558   0.02897   0.02887  0.001989
     23/99     6.61G   0.03424   0.03218  0.002844   0.06926        24       640    0.8982    0.9061    0.9483    0.6563    0.5972   0.02852   0.02886  0.001733
     24/99     6.61G   0.03347   0.03229  0.002804   0.06857        14       640    0.9338     0.898    0.9522    0.7307    0.6201   0.02889   0.02921  0.001701
     25/99     6.61G   0.03397   0.03182  0.002604   0.06839         6       640    0.9259    0.9144    0.9566     0.625    0.5659   0.02893   0.02843  0.001618
     26/99     6.61G   0.03323    0.0316  0.002452   0.06728         9       640    0.9327    0.9169    0.9538    0.7023    0.5931   0.02787   0.02823  0.001617
     27/99     6.61G   0.03245   0.03176  0.002481   0.06669        17       640    0.9095    0.9125     0.956     0.715    0.6202    0.0272   0.02789  0.001644
     28/99     6.61G   0.03241   0.03088  0.002393   0.06568        12       640    0.9274    0.9356    0.9671    0.6124    0.5857   0.02753   0.02794  0.001669
     29/99     6.61G    0.0312   0.03072  0.002301   0.06423        10       640    0.9329      0.93    0.9654    0.7066    0.6278   0.02662   0.02751  0.001589
     30/99     6.61G   0.03158   0.03013  0.002354   0.06406         8       640    0.9174     0.942    0.9592    0.7208    0.6131   0.02874   0.02796  0.001436
     31/99     6.61G   0.03175   0.03048  0.002245   0.06448         5       640    0.9368    0.9461    0.9662    0.7145     0.623   0.02668   0.02737  0.001562
     32/99     6.61G   0.03152   0.03032  0.002119   0.06396         4       640     0.922    0.9344    0.9622    0.7451    0.6361   0.02608   0.02719  0.001515
     33/99     6.61G   0.03052      0.03  0.002276    0.0628        12       640    0.9118    0.9228    0.9609    0.5782    0.5809   0.02636   0.02731  0.001441
     34/99     6.61G   0.03058   0.03019  0.002087   0.06286         6       640    0.8848    0.9214    0.9519    0.6623    0.6005   0.02575   0.02675  0.001533
     35/99     6.61G   0.03058    0.0298  0.002147   0.06253         3       640    0.9588    0.8998    0.9642    0.6987    0.6087   0.02606   0.02701  0.001428
     36/99     6.61G   0.02948   0.02915  0.001962   0.06059         1       640    0.9457    0.8904    0.9598    0.7435    0.6338   0.02585    0.0267  0.001435
     37/99     6.61G   0.02945   0.02943  0.001986   0.06087         2       640    0.9752      0.91    0.9712     0.713    0.6326   0.02556   0.02632  0.001501
     38/99     6.61G   0.02899   0.02957  0.001808   0.06037         3       640     0.967    0.9512    0.9737    0.7462    0.6625   0.02508   0.02624  0.001507
     39/99     6.61G   0.02962    0.0292   0.00184   0.06066        24       640    0.9377    0.9537    0.9713    0.7778    0.6679   0.02471   0.02642   0.00143
     40/99     6.61G   0.02846   0.02872  0.001777   0.05896        13       640    0.9374    0.9415     0.972    0.7607    0.6619    0.0242    0.0261  0.001299
     41/99     6.61G   0.02794   0.02841  0.001797   0.05815         3       640    0.8977    0.9616    0.9702    0.7823    0.6687   0.02436   0.02605  0.001353
     42/99     6.61G   0.02794   0.02859  0.001776   0.05831         7       640    0.9401    0.9296    0.9668    0.7312     0.643    0.0241   0.02575  0.001354
     43/99     6.61G   0.02848   0.02818  0.001749   0.05842         3       640    0.9575    0.9159    0.9763    0.7672    0.6686   0.02388   0.02573  0.001338
     44/99     6.61G   0.02815   0.02808  0.001976    0.0582         7       640    0.9546    0.9407    0.9751    0.7167     0.651   0.02394   0.02594  0.001405
     45/99     6.61G   0.02723   0.02833  0.001595   0.05716         3       640    0.9527    0.9342    0.9725    0.7874    0.6821    0.0237   0.02539  0.001365
     46/99     6.61G   0.02721   0.02756  0.001546   0.05632        10       640    0.9386     0.943    0.9765    0.7337    0.6652    0.0236   0.02561   0.00128
     47/99     6.61G   0.02686   0.02754  0.001538   0.05593         1       640    0.9435    0.9416    0.9705    0.7559    0.6726   0.02396   0.02541   0.00129
     48/99     6.61G   0.02632   0.02741  0.001445   0.05518         7       640     0.941    0.9164    0.9768     0.803    0.6975   0.02336   0.02537  0.001198
     49/99     6.61G   0.02671   0.02679  0.001577   0.05507         3       640    0.9588    0.9405    0.9733    0.7867    0.6895    0.0233   0.02501  0.001303
     50/99     6.61G   0.02642   0.02747  0.001407    0.0553        11       640    0.9457    0.9567    0.9753    0.7816    0.6876   0.02299    0.0251  0.001153
     51/99     6.61G   0.02626   0.02678  0.001532   0.05457         4       640    0.9577    0.9548    0.9733    0.8006    0.6911   0.02308    0.0254  0.001192
     52/99     6.61G   0.02564   0.02665  0.001536   0.05383         6       640    0.9397    0.9535    0.9734    0.8079    0.6917    0.0228   0.02478  0.001301
     53/99     6.61G   0.02581   0.02674  0.001395   0.05394        18       640    0.9256    0.9491    0.9732    0.8127    0.6806   0.02293   0.02505  0.001146
     54/99     6.61G   0.02534   0.02651  0.001469   0.05332         1       640    0.9602    0.9546    0.9749    0.7924    0.6896   0.02295   0.02504  0.001149
     55/99     6.61G   0.02556   0.02639  0.001414   0.05336        14       640     0.942    0.9518    0.9783    0.8138    0.7014   0.02243   0.02475  0.001188
     56/99     6.61G   0.02539    0.0265  0.001518   0.05341        12       640    0.9539    0.9515    0.9741    0.8062    0.7135   0.02272   0.02471  0.001186
     57/99     6.61G   0.02523   0.02628  0.001379   0.05289         3       640    0.9574    0.9521    0.9786    0.8068    0.6919    0.0222   0.02471   0.00112
     58/99     6.61G   0.02468   0.02567  0.001376   0.05173         2       640    0.9709    0.9397    0.9771     0.805    0.6942   0.02256   0.02465  0.001118
     59/99     6.61G   0.02467   0.02537  0.001368    0.0514        11       640    0.9563    0.9477    0.9724    0.7927    0.6826   0.02203   0.02464  0.001123
     60/99     6.61G   0.02444   0.02647  0.001321   0.05223         2       640    0.9533    0.9615    0.9778    0.8314    0.7128   0.02197   0.02436  0.001154
     61/99     6.61G   0.02414   0.02583  0.001314   0.05127         5       640    0.9637    0.9584    0.9781    0.8186    0.7113   0.02228   0.02444  0.001145
     62/99     6.61G   0.02404   0.02563  0.001316   0.05098         9       640    0.9732    0.9435    0.9788    0.8139    0.7014   0.02183   0.02446  0.001116
     63/99     6.61G   0.02407   0.02602  0.001212    0.0513         5       640    0.9631    0.9608    0.9813    0.8181    0.6997   0.02184   0.02453  0.001089
     64/99     6.61G   0.02375   0.02535   0.00129   0.05039        16       640    0.9659    0.9556    0.9801    0.8218    0.7213   0.02155   0.02422  0.001097
     65/99     6.61G   0.02362   0.02524  0.001287   0.05014        16       640    0.9695    0.9332    0.9767     0.816    0.7082   0.02175   0.02418  0.001115
     66/99     6.61G   0.02355   0.02502  0.001435      0.05         9       640    0.9705    0.9609    0.9796    0.8075    0.7084   0.02151   0.02428  0.001134
     67/99     6.61G   0.02339   0.02555  0.001189   0.05013        13       640    0.9701    0.9489    0.9839    0.8023    0.7102   0.02168     0.024  0.001065
     68/99     6.61G   0.02331   0.02486  0.001283   0.04946        16       640    0.9638    0.9558     0.978    0.8127    0.7102   0.02175   0.02414  0.001036
     69/99     6.61G   0.02301   0.02469  0.001238   0.04894        11       640    0.9638    0.9556    0.9759    0.8231    0.7125   0.02116   0.02402   0.00102
     70/99     6.61G   0.02277   0.02408  0.001171   0.04802        15       640    0.9595    0.9583      0.98    0.8139    0.7155   0.02175   0.02409  0.001085
     71/99     6.61G   0.02272   0.02467  0.001173   0.04856        10       640    0.9592     0.959    0.9789    0.8184    0.7185   0.02126   0.02388   0.00103
     72/99     6.61G   0.02269   0.02435  0.001037   0.04808         2       640    0.9729    0.9328    0.9777     0.788    0.6938   0.02153     0.024 0.0009992
     73/99     6.61G   0.02249   0.02458  0.001169   0.04824         8       640    0.9624    0.9559    0.9762    0.8217    0.7208   0.02106   0.02375  0.001036
     74/99     6.61G    0.0226   0.02424  0.001074   0.04791         9       640    0.9594    0.9536    0.9794    0.8229    0.7183   0.02123   0.02368 0.0009904
     75/99     6.61G    0.0225   0.02413   0.00114   0.04777        19       640    0.9589    0.9573    0.9747    0.8445    0.7193   0.02105   0.02381  0.001073
     76/99     6.61G   0.02228   0.02366  0.001135   0.04707         6       640    0.9595    0.9517     0.976    0.8251    0.7247   0.02105    0.0238  0.001055
     77/99     6.61G   0.02232   0.02357  0.001093   0.04699         6       640    0.9596    0.9641    0.9824    0.8087    0.7095   0.02095   0.02381  0.001001
     78/99     6.61G   0.02222   0.02349  0.001162   0.04687         9       640    0.9461    0.9636    0.9793    0.8303    0.7303   0.02102   0.02349   0.00107
     79/99     6.61G   0.02173   0.02331  0.001014   0.04605         8       640    0.9575    0.9623    0.9787    0.8234    0.7287   0.02102   0.02366  0.001011
     80/99     6.61G   0.02158   0.02405  0.001034   0.04667        12       640    0.9658    0.9528    0.9795    0.8272    0.7199   0.02082   0.02352  0.001005
     81/99     6.61G   0.02179   0.02355   0.00101   0.04636        12       640     0.962    0.9656    0.9788    0.8378    0.7223   0.02082    0.0235 0.0009984
     82/99     6.61G   0.02172    0.0238  0.001024   0.04655        14       640    0.9668    0.9427    0.9788    0.8363    0.7277   0.02097   0.02368 0.0009614
     83/99     6.61G   0.02155   0.02386  0.001014   0.04643         9       640    0.9687    0.9606    0.9822    0.8539    0.7324    0.0209   0.02345 0.0009593
     84/99     6.61G   0.02151   0.02326 0.0009916   0.04576         5       640    0.9737    0.9508     0.979    0.8161    0.7218   0.02065   0.02366 0.0009495
     85/99     6.61G   0.02146   0.02317  0.001028   0.04566         4       640    0.9575    0.9589    0.9769    0.8562    0.7313   0.02074   0.02352 0.0009657
     86/99     6.61G   0.02125   0.02341  0.001037   0.04569         0       640     0.966    0.9538    0.9773    0.8408    0.7257   0.02083   0.02357  0.001057
     87/99     6.61G   0.02144   0.02347  0.000996    0.0459        25       640    0.9623    0.9609    0.9765    0.8426    0.7255   0.02064   0.02363  0.001007
     88/99     6.61G    0.0209   0.02281 0.0009271   0.04463        14       640     0.967    0.9534    0.9768    0.8444    0.7314   0.02056   0.02352 0.0009686
     89/99     6.61G   0.02127   0.02346  0.001081   0.04582         3       640    0.9639      0.96    0.9773    0.8499    0.7334   0.02066   0.02345   0.00104
     90/99     6.61G   0.02131   0.02395  0.001127   0.04638         4       640    0.9775    0.9447    0.9788    0.8577    0.7361   0.02071   0.02336 0.0009856
     91/99     6.61G    0.0213   0.02332  0.001055   0.04567         2       640    0.9645    0.9655     0.982    0.8397     0.731    0.0205    0.0234  0.000971
     92/99     6.61G   0.02088   0.02235  0.001002   0.04424         2       640    0.9694    0.9568    0.9745     0.832    0.7287   0.02046   0.02328 0.0009679
     93/99     6.61G   0.02122   0.02317  0.001043   0.04544         4       640    0.9707    0.9577    0.9783    0.8369    0.7288   0.02061   0.02338 0.0009812
     94/99     6.61G   0.02066   0.02308 0.0009923   0.04473        21       640    0.9732    0.9517    0.9786    0.8154    0.7239   0.02068   0.02346  0.000989
     95/99     6.61G   0.02061   0.02226 0.0009161   0.04379         3       640    0.9659    0.9594    0.9789    0.8564    0.7297   0.02045   0.02338  0.000983
     96/99     6.61G   0.02079   0.02253 0.0009512   0.04427         4       640    0.9739    0.9571    0.9797    0.8298    0.7326   0.02064   0.02341 0.0009247
     97/99     6.61G   0.02072   0.02238 0.0009529   0.04406        22       640    0.9761    0.9537    0.9783     0.812     0.715   0.02046   0.02334 0.0009634
     98/99     6.61G    0.0206   0.02263 0.0008686    0.0441        19       640     0.964    0.9701    0.9826    0.8343    0.7358   0.02038   0.02324 0.0009413
     99/99     6.61G   0.02067   0.02241 0.0009347   0.04401         7       640    0.9705    0.9585    0.9819    0.8438    0.7352   0.02032   0.02345 0.0009901
