      0/99     6.49G    0.0978   0.06944   0.03918    0.2064        17       640    0.0182    0.0635  0.007508 4.641e-05   0.00125   0.09125   0.06093   0.03262
      1/99      6.6G   0.08562   0.05845   0.02673    0.1708         1       640    0.5915     0.215   0.07564 0.0001768   0.01161   0.07977   0.05545   0.02435
      2/99      6.6G   0.08235   0.05479   0.02179    0.1589         6       640     0.607    0.2477    0.1031   0.00159   0.02202   0.07695   0.04908   0.01765
      3/99      6.6G    0.0751   0.05279   0.01499    0.1429        16       640    0.4578    0.4914     0.241  0.005412   0.05555   0.06857    0.0475  0.009591
      4/99      6.6G    0.0661   0.04891   0.01097     0.126         0       640    0.8147    0.3064    0.3703   0.05804     0.126   0.05684    0.0463   0.01011
      5/99      6.6G   0.05928    0.0473  0.008958    0.1155        11       640    0.8806    0.3556     0.461   0.03835    0.1363   0.05459   0.04247  0.005313
      6/99      6.6G    0.0552   0.04554  0.009587    0.1103         5       640    0.7548    0.4704    0.4789   0.04079    0.1329   0.05685   0.04164  0.009265
      7/99      6.6G   0.05378   0.04539  0.008233    0.1074        17       640    0.8494     0.562    0.5956    0.1771    0.2463    0.0427   0.03919  0.004976
      8/99      6.6G   0.04872   0.04278  0.006634   0.09814        20       640    0.8041    0.6133    0.6029    0.1972    0.2688   0.04235   0.03736  0.004349
      9/99      6.6G   0.04701   0.04038  0.006059   0.09345         4       640    0.8309    0.5468    0.6069    0.2009    0.2662   0.04168   0.03606  0.004103
     10/99      6.6G   0.04481   0.03949  0.005518   0.08981        12       640    0.8998    0.5725     0.718    0.3632    0.3695   0.03886   0.03408  0.003853
     11/99      6.6G   0.04409   0.03805  0.005324   0.08746         2       640    0.8843    0.6191    0.6779    0.3415    0.3608   0.03679   0.03403   0.00362
     12/99      6.6G   0.04298   0.03786  0.005576   0.08641        10       640    0.8444    0.6019    0.7083    0.3652    0.3768    0.0397   0.03432   0.00362
     13/99      6.6G   0.04085   0.03694  0.004809    0.0826         3       640    0.8255    0.6193    0.7606    0.3717    0.3857   0.03478   0.03186  0.003332
     14/99      6.6G   0.04109     0.036  0.004749   0.08184         0       640    0.8862     0.643    0.8346    0.4722     0.462   0.03315   0.03197  0.002973
     15/99      6.6G   0.03973   0.03602  0.004936   0.08069         5       640    0.5941    0.8938    0.8842    0.4868    0.4768   0.03477   0.03222   0.00286
     16/99      6.6G   0.03877   0.03471  0.004245   0.07772         0       640    0.7444    0.8233    0.8817    0.5727    0.5141   0.03205   0.03068  0.002704
     17/99      6.6G    0.0383   0.03525  0.004111   0.07767         7       640    0.7532    0.8728     0.897    0.6095    0.5427   0.03138   0.03025  0.002584
     18/99      6.6G   0.03726   0.03436  0.003869   0.07549        31       640    0.8746    0.8546    0.9231    0.4913    0.4989   0.03105    0.0305  0.002359
     19/99      6.6G   0.03708   0.03328  0.003637   0.07399         8       640     0.871    0.8257    0.8795    0.4808    0.4832   0.03054   0.02993  0.002597
     20/99      6.6G   0.03672   0.03385  0.003767   0.07434         7       640    0.8718    0.8422    0.9203     0.518     0.513   0.03186   0.02981  0.002065
     21/99      6.6G    0.0361   0.03343  0.003367    0.0729         2       640    0.8639    0.8939    0.9408    0.6317     0.558   0.02941   0.02914   0.00207
     22/99      6.6G   0.03552   0.03264  0.003208   0.07137        13       640    0.9097    0.8805    0.9443    0.6475    0.5727   0.03081   0.02952  0.002028
     23/99      6.6G    0.0345   0.03278  0.003001   0.07028         7       640    0.8938    0.9184    0.9292    0.6207    0.5656   0.02857   0.02881  0.001884
     24/99      6.6G   0.03415   0.03201  0.002799   0.06897        12       640    0.9079    0.9076    0.9528    0.6346    0.5654   0.02908    0.0286   0.00186
     25/99      6.6G   0.03373   0.03209  0.002772   0.06858         2       640    0.8833    0.9197    0.9387    0.6438    0.5794   0.02744   0.02812   0.00175
     26/99      6.6G   0.03252   0.03166  0.002448   0.06663        10       640    0.9431    0.9079    0.9556    0.6607    0.5923   0.02704   0.02768  0.001704
     27/99      6.6G   0.03281   0.03067   0.00251   0.06599         3       640    0.8948    0.9345    0.9564     0.647     0.599     0.027   0.02772  0.001707
     28/99      6.6G   0.03314   0.03168  0.002392   0.06721         8       640    0.9168    0.9286     0.955    0.6921    0.6139   0.02697   0.02768   0.00189
     29/99      6.6G   0.03141   0.03039  0.002358   0.06416         8       640    0.9378    0.9368    0.9652    0.7213    0.6462   0.02635   0.02753  0.001597
     30/99      6.6G    0.0314   0.03049  0.002128   0.06402         7       640    0.9023    0.9492    0.9558    0.7036    0.6177   0.02783   0.02749  0.001467
     31/99      6.6G   0.03159   0.02999   0.00219   0.06377        12       640    0.8782    0.9394    0.9452    0.5293    0.5354   0.02749   0.02765  0.001751
     32/99      6.6G   0.03124   0.03028   0.00229   0.06381        13       640    0.8916    0.9549    0.9584    0.7629    0.6515   0.02621   0.02668  0.001455
     33/99      6.6G    0.0306   0.03072  0.002137   0.06346         5       640    0.9027    0.9497    0.9652    0.7355    0.6555   0.02578    0.0265  0.001481
     34/99      6.6G   0.03027   0.02949  0.002115   0.06187         9       640    0.9761    0.9114    0.9683    0.7224    0.6451   0.02555   0.02644  0.001453
     35/99      6.6G   0.03011   0.02982  0.002116   0.06205        18       640    0.9474    0.9285    0.9672    0.6731    0.6262   0.02547   0.02674  0.001546
     36/99      6.6G   0.03018   0.02939  0.002241   0.06181         5       640    0.9349    0.9409    0.9638    0.7625    0.6461   0.02518   0.02646  0.001451
     37/99      6.6G   0.02936   0.02826  0.001783    0.0594         2       640    0.9365    0.9361    0.9653    0.7603    0.6577   0.02468   0.02616  0.001398
     38/99      6.6G   0.02906    0.0287  0.001791   0.05954        12       640     0.933    0.9523    0.9718    0.7492    0.6494   0.02573   0.02627  0.001458
     39/99      6.6G   0.02896   0.02866  0.001938   0.05955        15       640    0.9374    0.9259    0.9721    0.7939    0.6791   0.02486   0.02614  0.001309
     40/99      6.6G   0.02871   0.02883  0.001894   0.05943         7       640    0.8827    0.9466     0.936    0.7598    0.6432   0.02512   0.02645  0.001423
     41/99      6.6G    0.0289   0.02897  0.001795   0.05966         5       640    0.9391    0.9632    0.9748    0.8128    0.6935   0.02413   0.02567  0.001384
     42/99      6.6G    0.0282   0.02802  0.001999   0.05822        12       640    0.9588    0.9335    0.9741    0.7227    0.6604   0.02421   0.02571  0.001278
     43/99      6.6G   0.02776   0.02741  0.001644   0.05682        12       640    0.9476    0.9377    0.9722    0.7422    0.6535   0.02445   0.02578  0.001342
     44/99      6.6G   0.02806   0.02763  0.001777   0.05746        10       640    0.9481    0.9507    0.9761    0.7673    0.6772   0.02396   0.02593  0.001303
     45/99      6.6G   0.02729    0.0268  0.001681   0.05578        11       640    0.9596    0.9309    0.9698    0.7859    0.6893   0.02454   0.02561  0.001324
     46/99      6.6G   0.02775   0.02838  0.001663   0.05779        15       640    0.9456    0.9463    0.9752    0.7982    0.6936   0.02382   0.02514  0.001279
     47/99      6.6G   0.02712   0.02692  0.001613   0.05565         1       640    0.9573    0.9369     0.974    0.7671    0.6759   0.02446   0.02542  0.001315
     48/99      6.6G   0.02672   0.02621  0.001554   0.05448         5       640    0.9243    0.9466    0.9655    0.7726    0.6875   0.02374    0.0253  0.001282
     49/99      6.6G   0.02697    0.0276  0.001663   0.05623         3       640    0.8878    0.9532    0.9647    0.8135    0.6907   0.02367   0.02528  0.001294
     50/99      6.6G   0.02661    0.0275  0.001673   0.05578        14       640    0.9488    0.9451    0.9714    0.8158    0.6889   0.02305   0.02523   0.00127
     51/99      6.6G   0.02587   0.02691  0.001526   0.05432         6       640     0.919    0.9519     0.975    0.8024    0.6893   0.02321   0.02515  0.001237
     52/99      6.6G    0.0257   0.02637  0.001517   0.05359        13       640    0.9383    0.9458    0.9702    0.7873    0.6908   0.02339   0.02497  0.001262
     53/99      6.6G   0.02571    0.0273  0.001463   0.05447        18       640     0.935    0.9526    0.9722    0.8238    0.7033   0.02304   0.02498  0.001127
     54/99      6.6G   0.02552   0.02615   0.00155   0.05322         4       640    0.9796    0.9342    0.9749    0.8285    0.7153   0.02248    0.0248  0.001162
     55/99      6.6G   0.02528   0.02622  0.001427   0.05292         3       640    0.9462    0.9377    0.9693    0.7979     0.689   0.02259   0.02459  0.001157
     56/99      6.6G     0.025   0.02625  0.001444    0.0527         2       640     0.957    0.9474    0.9729    0.8105    0.6939   0.02259   0.02465  0.001223
     57/99      6.6G   0.02516   0.02611  0.001385   0.05265         9       640    0.9573    0.9479     0.976     0.838    0.7118   0.02252   0.02485   0.00123
     58/99      6.6G   0.02423   0.02598  0.001366   0.05158        10       640    0.9601    0.9485     0.975    0.8067    0.6952   0.02237   0.02434  0.001137
     59/99      6.6G   0.02439   0.02489  0.001325    0.0506        13       640    0.9639    0.9413    0.9772    0.8324    0.7169   0.02201   0.02452  0.001091
     60/99      6.6G   0.02466   0.02508  0.001438   0.05117        10       640     0.952    0.9545    0.9718    0.7997    0.6866   0.02254   0.02463  0.001112
     61/99      6.6G   0.02426   0.02548   0.00122   0.05096         8       640    0.9515    0.9588     0.979    0.8364    0.7096   0.02202   0.02438  0.001101
     62/99      6.6G   0.02429   0.02497  0.001337    0.0506         3       640    0.9423    0.9584    0.9821    0.8315    0.7261   0.02176   0.02423  0.001087
     63/99      6.6G   0.02359   0.02561  0.001319   0.05052        17       640    0.9658    0.9379    0.9736    0.8532    0.7193   0.02155   0.02405  0.001095
     64/99      6.6G   0.02415   0.02557  0.001359   0.05108        13       640    0.9714     0.953    0.9808    0.8123    0.6971   0.02211   0.02437  0.001167
     65/99      6.6G    0.0235   0.02465  0.001237   0.04939         8       640    0.9597    0.9528    0.9757    0.8378    0.7197   0.02156   0.02435  0.001105
     66/99      6.6G   0.02344   0.02504  0.001258   0.04974         7       640    0.9572    0.9513    0.9793    0.7963     0.709   0.02157   0.02379  0.001075
     67/99      6.6G   0.02374   0.02514  0.001262   0.05015        13       640    0.9431    0.9579    0.9711    0.8388     0.713   0.02173    0.0241   0.00104
     68/99      6.6G   0.02304   0.02489  0.001185   0.04911        18       640    0.9633    0.9458    0.9793    0.8236    0.6989   0.02166   0.02391  0.001058
     69/99      6.6G   0.02309   0.02458  0.001256   0.04892        25       640    0.9644    0.9521    0.9782    0.8444    0.7243   0.02155   0.02406   0.00104
     70/99      6.6G   0.02274   0.02458  0.001208   0.04852        12       640    0.9428    0.9534    0.9782     0.848    0.7241    0.0215   0.02396  0.001041
     71/99      6.6G   0.02281   0.02467  0.001163   0.04865        17       640    0.9512    0.9554    0.9799    0.8548    0.7408   0.02148   0.02385  0.001052
     72/99      6.6G    0.0225   0.02421  0.001102   0.04781         9       640    0.9586    0.9486    0.9765    0.8459    0.7224   0.02122   0.02369  0.001055
     73/99      6.6G   0.02253   0.02421  0.001117   0.04785        14       640    0.9536    0.9508    0.9737    0.8468    0.7208   0.02129   0.02388  0.001039
     74/99      6.6G   0.02251   0.02481   0.00117   0.04849         7       640    0.9559    0.9584    0.9765    0.8633    0.7353   0.02105   0.02356  0.001046
     75/99      6.6G   0.02223   0.02428  0.001107   0.04761         6       640     0.963    0.9388    0.9732    0.8485    0.7218   0.02131   0.02393 0.0009793
     76/99      6.6G   0.02208   0.02342  0.001073   0.04657         6       640    0.9539    0.9475    0.9771    0.8504    0.7313   0.02124   0.02362 0.0009566
     77/99      6.6G   0.02208   0.02327  0.001097   0.04645        19       640    0.9613    0.9501     0.975     0.851    0.7235   0.02114   0.02381 0.0009821
     78/99      6.6G   0.02216   0.02377  0.001047   0.04698         9       640    0.9298    0.9596    0.9772    0.8515    0.7269   0.02098   0.02358 0.0009998
     79/99      6.6G   0.02202   0.02416  0.001158   0.04734        14       640    0.9582    0.9588    0.9803     0.853    0.7245   0.02088   0.02344  0.000953
     80/99      6.6G   0.02171   0.02349  0.001152   0.04636         9       640    0.9624    0.9577    0.9764    0.8508    0.7343   0.02093   0.02374  0.001006
     81/99      6.6G   0.02177   0.02354  0.001068   0.04638         8       640     0.963    0.9474    0.9804     0.848    0.7262   0.02089   0.02392 0.0009726
     82/99      6.6G   0.02154   0.02308  0.001159   0.04578         4       640      0.96    0.9564    0.9811    0.8576    0.7352   0.02086   0.02349 0.0009935
     83/99      6.6G   0.02133   0.02309 0.0009748    0.0454        15       640    0.9476     0.961    0.9837    0.8542    0.7344   0.02077   0.02356 0.0009701
     84/99      6.6G   0.02139    0.0238  0.001041   0.04623         9       640    0.9477    0.9542    0.9795    0.8509    0.7379   0.02084   0.02365 0.0009825
     85/99      6.6G   0.02113    0.0227  0.001102   0.04494         3       640    0.9535    0.9677    0.9814    0.8541    0.7404    0.0208   0.02328 0.0009305
     86/99      6.6G   0.02117    0.0229  0.001011   0.04508        11       640    0.9481    0.9615    0.9797    0.8512    0.7348   0.02082   0.02353   0.00095
     87/99      6.6G    0.0213   0.02331  0.001082   0.04569        19       640    0.9557    0.9544    0.9785    0.8522    0.7398   0.02076   0.02357  0.001005
     88/99      6.6G   0.02129   0.02338  0.001053   0.04572        25       640    0.9497    0.9612    0.9766    0.8523    0.7384   0.02071   0.02359 0.0009901
     89/99      6.6G   0.02094   0.02275 0.0009934   0.04468         9       640    0.9531    0.9556     0.979    0.8502    0.7372   0.02086   0.02366 0.0009719
     90/99      6.6G   0.02091   0.02236  0.001011   0.04428         9       640    0.9583    0.9591    0.9818    0.8604    0.7433   0.02064   0.02375 0.0009594
     91/99      6.6G   0.02093   0.02315  0.001002   0.04508        10       640    0.9579    0.9632    0.9809    0.8559    0.7365    0.0206   0.02351 0.0009603
     92/99      6.6G   0.02054   0.02242 0.0009948   0.04395         0       640    0.9469     0.955    0.9787    0.8574    0.7442   0.02065    0.0234 0.0009662
     93/99      6.6G   0.02108   0.02222  0.001019   0.04432        15       640    0.9373    0.9594    0.9737    0.8541    0.7373   0.02052   0.02374 0.0009912
     94/99      6.6G   0.02106   0.02278 0.0009432   0.04479         4       640    0.9558    0.9526    0.9778    0.8579    0.7437   0.02058   0.02368 0.0009652
     95/99      6.6G   0.02063   0.02184 0.0009366    0.0434         8       640    0.9495    0.9546    0.9791    0.8579    0.7384   0.02062   0.02355 0.0009668
     96/99      6.6G   0.02072   0.02255   0.00096   0.04423        10       640    0.9464    0.9603    0.9817     0.858    0.7393   0.02054   0.02353 0.0009783
     97/99      6.6G   0.02054   0.02246 0.0009068   0.04391        27       640    0.9526    0.9506    0.9806    0.8557    0.7429   0.02055    0.0235 0.0009853
     98/99      6.6G   0.02095   0.02225 0.0009834   0.04418         4       640    0.9571    0.9527    0.9814    0.8514    0.7441   0.02046   0.02339 0.0009815
     99/99      6.6G    0.0209   0.02283 0.0009666    0.0447        13       640    0.9556    0.9658    0.9835    0.8511    0.7293   0.02052    0.0233  0.000989
