      0/99     6.12G   0.08194   0.05703   0.03169    0.1707         4       640    0.5932    0.3786    0.3054   0.06012    0.1126   0.06802   0.03936   0.02095
      1/99      6.2G    0.0663   0.04138   0.01366    0.1213         4       640    0.7138    0.5297    0.5187   0.09824    0.1912   0.05586   0.03543  0.008056
      2/99      6.2G   0.06123   0.03702  0.008226    0.1065         4       640    0.6758    0.5416    0.4822   0.09959    0.1762    0.0647   0.03368  0.006544
      3/99      6.2G   0.05263   0.03408  0.006404   0.09311         4       640    0.5831    0.8984    0.8554    0.2935    0.4074   0.04136    0.0315  0.004498
      4/99      6.2G   0.04193   0.03087  0.004605   0.07741         4       640    0.7489    0.8912    0.9129    0.4675    0.4845   0.03785   0.03142  0.003819
      5/99      6.2G   0.03799   0.02843  0.003806   0.07022         4       640     0.825    0.8647    0.8806    0.4112    0.4609   0.03485    0.0315  0.003473
      6/99      6.2G   0.03496    0.0259  0.002997   0.06386         4       640    0.8399    0.8634    0.9178    0.5111    0.5071   0.03458   0.03174  0.003321
      7/99      6.2G   0.03394   0.02441   0.00269   0.06104         4       640    0.8515    0.8998    0.9262    0.5389    0.5205   0.03409   0.03108   0.00303
      8/99      6.2G   0.03164   0.02247  0.002425   0.05653         4       640     0.946    0.9281    0.9563    0.6895     0.592   0.02902   0.03152  0.002864
      9/99      6.2G   0.03101   0.02123  0.002174   0.05442         4       640    0.9231    0.9345    0.9574    0.6924    0.6027   0.03145   0.03358   0.00282
     10/99      6.2G   0.02812   0.01958  0.001991   0.04969         4       640    0.9594    0.9172    0.9513    0.6522    0.5995   0.02835   0.03369  0.002821
     11/99      6.2G   0.02854   0.01887  0.001917   0.04932         4       640    0.9452    0.9269    0.9419    0.7157     0.613   0.02842   0.03393  0.002555
     12/99      6.2G   0.02664   0.01769  0.001831   0.04616         4       640    0.9312    0.9172    0.9559    0.6976    0.6056   0.02875   0.03464  0.002622
     13/99      6.2G    0.0256    0.0167  0.001758   0.04406         4       640    0.9286    0.9198    0.9462    0.7316    0.6241    0.0282   0.03518  0.002799
     14/99      6.2G   0.02616   0.01643  0.001706    0.0443         4       640    0.9718    0.9131    0.9541    0.6944    0.6292   0.02818   0.03619  0.002787
     15/99      6.2G   0.02388    0.0151  0.001558   0.04055         4       640     0.947    0.9365    0.9583    0.7175    0.6347   0.02813   0.03691  0.002439
     16/99      6.2G   0.02453   0.01521  0.001552    0.0413         4       640    0.8894    0.8683    0.9063    0.6505    0.5627   0.02803   0.03856  0.002499
     17/99      6.2G   0.02321   0.01435  0.001537    0.0391         4       640    0.9673    0.9257     0.961    0.6837    0.6037    0.0293   0.03861  0.002564
     18/99      6.2G   0.02186   0.01355  0.001455   0.03686         4       640    0.9397    0.9328    0.9621    0.7842    0.6589   0.02706   0.03854  0.002655
     19/99      6.2G   0.02211   0.01353  0.001404   0.03704         4       640    0.9699    0.9237    0.9559    0.7419    0.6314     0.029   0.03994   0.00256
     20/99      6.2G   0.02145   0.01315  0.001363   0.03596         4       640    0.9654    0.9242    0.9528    0.7679    0.6455   0.02668   0.04068  0.002559
     21/99      6.2G   0.02142   0.01308  0.001321   0.03582         4       640    0.9449    0.9129    0.9501    0.7022    0.6169   0.02787   0.04059  0.002739
     22/99      6.2G   0.02129   0.01302   0.00134   0.03565         4       640    0.9479    0.9387    0.9514    0.7644    0.6501   0.02734   0.04086  0.002605
     23/99      6.2G   0.02087    0.0126  0.001299   0.03477         4       640     0.944    0.9331    0.9582    0.7184     0.624   0.02742    0.0407  0.002402
     24/99      6.2G   0.01993   0.01213  0.001281   0.03334         4       640    0.9705     0.917    0.9583    0.8021     0.659   0.02632   0.04114   0.00236
     25/99      6.2G   0.01997   0.01194   0.00126   0.03317         4       640    0.9534    0.9102    0.9552    0.7637    0.6474   0.02652   0.04069  0.002458
     26/99      6.2G    0.0188   0.01129  0.001227   0.03132         4       640    0.9749    0.9124    0.9637    0.7514    0.6466   0.02578   0.04022   0.00258
     27/99      6.2G   0.01966   0.01152  0.001256   0.03243         4       640    0.9712    0.9103    0.9606    0.7765    0.6663   0.02579   0.04166  0.002566
     28/99      6.2G   0.01861   0.01105  0.001177   0.03084         4       640    0.9468    0.9444     0.959    0.7884    0.6698    0.0258   0.04193  0.002639
     29/99      6.2G    0.0185   0.01096  0.001197   0.03065         4       640    0.9714    0.9141    0.9615    0.7773     0.653   0.02597   0.04216   0.00272
     30/99      6.2G   0.01836   0.01088  0.001158    0.0304         4       640    0.9504    0.9567    0.9665    0.7771    0.6585    0.0259   0.04226  0.002567
     31/99      6.2G   0.01775   0.01051  0.001124   0.02939         4       640     0.948    0.9456    0.9649    0.7966    0.6657   0.02624   0.04311  0.002709
     32/99      6.2G   0.01796   0.01062  0.001165   0.02974         4       640    0.9698    0.9353    0.9472    0.7706    0.6671   0.02553   0.04199  0.002734
     33/99      6.2G    0.0174    0.0103  0.001137   0.02884         4       640     0.958     0.943    0.9602    0.8052    0.6659   0.02573   0.04229  0.002698
     34/99      6.2G   0.01674  0.009922  0.001123   0.02778         4       640    0.9675    0.9373     0.963    0.7818    0.6578   0.02528   0.04291  0.002571
     35/99      6.2G   0.01623  0.009698  0.001127   0.02706         4       640    0.9435    0.9429    0.9612    0.7724    0.6573   0.02512   0.04315  0.002762
     36/99      6.2G   0.01645  0.009721   0.00107   0.02724         4       640    0.9504    0.9381     0.957     0.776     0.665     0.025   0.04352   0.00264
     37/99      6.2G   0.01625  0.009582  0.001084   0.02692         4       640    0.9695    0.9152    0.9598    0.7754    0.6545   0.02556   0.04462  0.002641
     38/99      6.2G   0.01599  0.009451  0.001076   0.02651         4       640    0.9528    0.9424    0.9562     0.791    0.6724   0.02507   0.04447  0.002585
     39/99      6.2G    0.0157   0.00927  0.001062   0.02604         4       640    0.9609      0.93     0.959    0.7906    0.6621   0.02478   0.04323   0.00256
     40/99      6.2G   0.01541  0.009108  0.001073   0.02559         4       640    0.9529    0.9271    0.9468     0.803    0.6687   0.02465   0.04423   0.00266
     41/99      6.2G   0.01487  0.008828  0.001014   0.02471         4       640    0.9558    0.9485    0.9629    0.7915    0.6831   0.02478   0.04471  0.002625
     42/99      6.2G   0.01484  0.008827 0.0009938   0.02466         4       640    0.9644    0.9351    0.9628    0.7836    0.6805   0.02467   0.04432  0.002756
     43/99      6.2G   0.01528  0.009012  0.001038   0.02533         4       640    0.9737    0.9168    0.9545    0.7908    0.6779   0.02468   0.04445  0.002907
     44/99      6.2G   0.01513  0.008954 0.0009921   0.02508         4       640    0.9611    0.9512     0.957    0.7844    0.6765   0.02491   0.04472  0.002824
     45/99      6.2G   0.01459  0.008669 0.0009799   0.02424         4       640    0.9727    0.9121    0.9589    0.7959    0.6735   0.02486   0.04478  0.002831
     46/99      6.2G   0.01386  0.008307 0.0009639   0.02313         4       640    0.9536     0.952    0.9593     0.784    0.6716   0.02494   0.04564  0.002712
     47/99      6.2G   0.01399  0.008319 0.0009515   0.02326         4       640    0.9692    0.9537    0.9553    0.7737    0.6721   0.02466   0.04602  0.002777
     48/99      6.2G   0.01393  0.008319 0.0009519    0.0232         4       640     0.967    0.9246    0.9465    0.7825    0.6647   0.02493    0.0457  0.002781
     49/99      6.2G    0.0134  0.008049 0.0009308   0.02238         4       640    0.9672     0.949    0.9607    0.7971    0.6777    0.0245   0.04588  0.002825
     50/99      6.2G   0.01308  0.007849  0.000949   0.02188         4       640    0.9655    0.9438    0.9573    0.8166    0.6852   0.02448   0.04652  0.002815
     51/99      6.2G   0.01288  0.007743 0.0009341   0.02156         4       640    0.9659    0.9375    0.9587    0.8068    0.6802   0.02448   0.04622   0.00281
     52/99      6.2G   0.01267   0.00763 0.0008845   0.02118         4       640     0.958    0.9483    0.9549     0.795    0.6892   0.02431   0.04612  0.002799
     53/99      6.2G   0.01267  0.007623 0.0009238   0.02122         4       640    0.9655     0.944    0.9567    0.8021    0.6815   0.02463     0.047  0.002842
     54/99      6.2G   0.01244   0.00746 0.0008588   0.02076         4       640    0.9739     0.922     0.957    0.8199    0.6957   0.02438   0.04684  0.002773
     55/99      6.2G    0.0123  0.007358 0.0008779   0.02054         4       640    0.9665    0.9142    0.9555    0.8183    0.6895   0.02437   0.04653  0.002826
     56/99      6.2G    0.0122  0.007327 0.0008463   0.02037         4       640    0.9652    0.9342    0.9464    0.8044    0.6836   0.02429   0.04704  0.002806
     57/99      6.2G   0.01211  0.007259 0.0008582   0.02023         4       640     0.969     0.929    0.9515    0.7944    0.6836   0.02453   0.04696  0.002822
     58/99      6.2G   0.01212  0.007313 0.0008371   0.02027         4       640    0.9662    0.9262    0.9532    0.7935    0.6801   0.02443   0.04758  0.002901
     59/99      6.2G   0.01187  0.007129  0.000826   0.01983         4       640    0.9658    0.9344    0.9565    0.8174    0.6916   0.02449    0.0472  0.002925
     60/99      6.2G   0.01147  0.006926 0.0008338   0.01923         4       640    0.9697    0.9229    0.9564    0.8142     0.688   0.02462    0.0475  0.002879
     61/99      6.2G   0.01151  0.006934 0.0008202   0.01926         4       640    0.9674    0.9291    0.9547    0.8107    0.6893   0.02446   0.04807  0.002967
     62/99      6.2G   0.01107   0.00666 0.0008015   0.01854         4       640    0.9664    0.9212     0.953    0.8136    0.6829   0.02435   0.04869   0.00285
     63/99      6.2G   0.01089   0.00656 0.0008027   0.01826         4       640    0.9707    0.9194    0.9575     0.814    0.6884   0.02442   0.04872  0.002871
     64/99      6.2G   0.01094  0.006614 0.0007532   0.01831         4       640    0.9671    0.9201    0.9502    0.7942    0.6882   0.02431   0.04866  0.002815
     65/99      6.2G   0.01089  0.006596 0.0007622   0.01825         4       640     0.966    0.9235    0.9559    0.7887    0.6886   0.02407   0.04856  0.002763
     66/99      6.2G   0.01026  0.006214 0.0007535   0.01722         4       640    0.9658    0.9245    0.9461    0.7915    0.6886   0.02406   0.04881    0.0029
     67/99      6.2G   0.01017  0.006187 0.0007439    0.0171         4       640    0.9679    0.9268    0.9522    0.8038    0.6857   0.02403    0.0495  0.002895
     68/99      6.2G   0.01029  0.006211  0.000751   0.01725         4       640    0.9634    0.9288    0.9433    0.8107    0.6863   0.02412   0.04898  0.002842
     69/99      6.2G   0.01019  0.006151 0.0007478   0.01709         4       640    0.9689    0.9076    0.9505    0.8036    0.6933   0.02415   0.04942  0.002867
     70/99      6.2G  0.009816  0.005959 0.0007128   0.01649         4       640    0.9537    0.9399    0.9575    0.8177    0.6923    0.0242    0.0498  0.002925
     71/99      6.2G  0.009926   0.00601 0.0007117   0.01665         4       640    0.9489    0.9483    0.9548    0.8168    0.6845   0.02403   0.04952   0.00285
     72/99      6.2G  0.009503  0.005755 0.0007009   0.01596         4       640     0.952     0.952    0.9603    0.8034    0.6898   0.02396    0.0501  0.002853
     73/99      6.2G  0.009664  0.005819 0.0007069   0.01619         4       640     0.953    0.9474    0.9552    0.8194    0.6908   0.02417    0.0499  0.002923
     74/99      6.2G  0.009457  0.005701 0.0006847   0.01584         4       640     0.953    0.9503     0.959    0.8166    0.6833   0.02407   0.05019  0.002911
     75/99      6.2G  0.009528  0.005753 0.0006845   0.01597         4       640    0.9533    0.9485    0.9581    0.8071    0.6817   0.02401   0.05014  0.002845
     76/99      6.2G   0.00916  0.005533 0.0006687   0.01536         4       640    0.9495    0.9497    0.9566    0.8217    0.6828   0.02406   0.05066  0.002811
     77/99      6.2G  0.009134  0.005531  0.000676   0.01534         4       640    0.9675    0.9315    0.9581     0.808    0.6892   0.02412   0.05049   0.00293
     78/99      6.2G   0.00904  0.005473 0.0006631   0.01518         4       640    0.9696     0.927    0.9583    0.7991    0.6907    0.0242   0.05119  0.003018
     79/99      6.2G  0.008847  0.005326 0.0006707   0.01484         4       640    0.9496    0.9493    0.9583    0.7906    0.6873   0.02417   0.05141  0.002942
     80/99      6.2G  0.009023  0.005458  0.000658   0.01514         4       640     0.948    0.9452    0.9566    0.8049    0.6917   0.02402   0.05099  0.002908
     81/99      6.2G  0.008857  0.005346 0.0006328   0.01484         4       640    0.9446    0.9488    0.9538    0.8114    0.6905     0.024   0.05104  0.002889
     82/99      6.2G  0.008708   0.00523 0.0006352   0.01457         4       640    0.9665    0.9241    0.9552    0.7921    0.6903   0.02401   0.05143  0.002953
     83/99      6.2G  0.008936  0.005369 0.0006387   0.01494         4       640    0.9666    0.9414    0.9575      0.81    0.6912   0.02396    0.0513  0.002945
     84/99      6.2G  0.008768   0.00527 0.0006325   0.01467         4       640    0.9472    0.9492    0.9549    0.8008    0.6931   0.02403   0.05162  0.003031
     85/99      6.2G  0.008664  0.005191 0.0006249   0.01448         4       640    0.9661    0.9457    0.9582    0.8105    0.6905   0.02412   0.05166  0.003013
     86/99      6.2G   0.00866  0.005205 0.0006118   0.01448         4       640    0.9716    0.9421    0.9576    0.8154    0.6902   0.02417    0.0517  0.002998
     87/99      6.2G  0.008682  0.005201 0.0006097   0.01449         4       640    0.9502    0.9437    0.9551    0.8101     0.688   0.02414    0.0518  0.003022
     88/99      6.2G  0.008561  0.005128 0.0006046   0.01429         4       640    0.9497    0.9457    0.9547    0.8221    0.6889   0.02414   0.05227  0.003108
     89/99      6.2G  0.008269  0.004958  0.000597   0.01382         4       640    0.9445     0.952     0.954    0.7994    0.6847   0.02426   0.05253   0.00306
     90/99      6.2G  0.008351  0.005006 0.0005922   0.01395         4       640    0.9423    0.9378    0.9498    0.7946    0.6849   0.02428   0.05267  0.003071
     91/99      6.2G  0.008323  0.004995 0.0005925   0.01391         4       640    0.9448    0.9403    0.9542    0.8048    0.6822   0.02432   0.05274  0.003063
     92/99      6.2G  0.008381  0.005052 0.0005891   0.01402         4       640    0.9435    0.9377     0.953    0.7836    0.6733    0.0244   0.05287  0.003098
     93/99      6.2G  0.008386  0.005054 0.0005899   0.01403         4       640     0.963    0.9382    0.9555    0.7901    0.6779   0.02447   0.05302  0.003178
     94/99      6.2G  0.008531  0.005147 0.0005816   0.01426         4       640    0.9601    0.9399    0.9541    0.7664    0.6687   0.02455   0.05272  0.003164
     95/99      6.2G  0.008299  0.005015 0.0005727   0.01389         4       640    0.9628    0.9338     0.954     0.785    0.6805   0.02446   0.05289  0.003103
     96/99      6.2G  0.008317  0.005026 0.0005688   0.01391         4       640    0.9636     0.932    0.9523    0.8036    0.6803   0.02448   0.05271  0.003105
     97/99      6.2G  0.008213  0.004952 0.0005678   0.01373         4       640    0.9598    0.9406    0.9521    0.7875     0.685   0.02442   0.05269  0.003076
     98/99      6.2G  0.008028  0.004845 0.0005648   0.01344         4       640    0.9615    0.9398    0.9526    0.7844    0.6849   0.02436    0.0528  0.003087
     99/99      6.2G  0.007979  0.004809 0.0005609   0.01335         4       640    0.9577     0.939    0.9538    0.7944    0.6842   0.02428   0.05294   0.00308
